- trainer.min_epochs=10000
- experiment=bnn_fo
- seed=15
- trainer.deterministic=False
- task_name=train_fo
- datamodule=TiO
- model.pretrain_epochs=0
- model.lr=0.0009866511187482962
- model.mc_samples_train=2
- model.prior_scale=0.021546031255890944
- model.q_scale=0.0013145467135159815
- model.obs_scale=0.2445987645834857
- datamodule.batch_size=64
- tags=[TiO]
