506
357
133
250
299
680
336
155
528
736
97
306
281
746
211
266
39
247
362
538
457
499
422
319
66
708
248
328
218
220
352
468
453
342
369
78
210
432
81
412
77
677
33
120
688
570
581
497
394
440
10
500
368
324
467
109
542
76
490
54
254
204
716
707
259
227
290
65
428
649
426
439
260
605
740
423
485
72
213
371
239
63
641
599
49
355
709
494
668
7
551
23
630
745
101
333
493
286
118
174
86
703
2
727
158
30
622
696
446
164
655
513
181
572
405
620
604
300
682
84
404
79
618
302
650
196
31
582
265
673
234
55
212
335
518
361
215
329
60
737
381
165
644
431
148
462
90
393
685
69
595
131
44
70
672
208
344
623
135
481
28
464
398
629
136
495
6
611
73
198
199
145
323
744
132
326
615
701
41
108
532
56
192
583
356
601
377
24
557
480
451
332
730
110
82
51
420
602
522
597
626
390
139
667
436
18
631
140
346
507
83
61
621
445
29
531
231
350
292
731
182
569
264
748
223
382
407
235
456
209
388
429
176
687
314
275
548
360
137
607
702
664
163
338
659
74
331
586
244
327
351
482
104
114
674
294
589
92
89
591
448
695
425
430
11
43
42
167
657
575
588
178
478
578
177
516
523
257
311
411
15
449
256
533
340
291
417
363
296
399
9
249
22
221
619
643
734
537
627
203
470
93
433
367
443
284
184
606
529
153
75
395
277
68
689
188
271
236
88
636
117
125
616
289
238
0
741
334
654
742
278
585
116
228
587
380
274
318
514
144
450
713
678
547
268
530
307
310
46
349
261
195
749
628
107
59
683
693
100
416
671
545
396
179
304
375
424
721
149
124
594
651
185
706
465
408
739
409
321
353
691
142
717
141
544
320
19
172
610
312
697
12
305
354
25
559
169
38
477
245
298
624
511
272
603
154
126
534
341
287
113
434
173
359
512
57
515
222
280
17
479
322
255
728
718
719
190
115
733
558
94
180
301
503
552
609
521
662
598
5
735
45
473
567
171
16
48
725
710
3
539
486
316
525
447
690
283
96
285
487
225
26
590
263
437
50
364
229
37
157
237
720
374
469
370
442
722
175
637
127
554
194
639
653
501
517
527
724
625
645
67
723
483
168
444
519
162
309
193
536
365
383
676
543
152
656
535
111
226
526
698
103
421
419
119
53
151
403
705
207
632
580
8
608
36
452
253
303
568
541
549
262
297
414
150
596
666
488
147
146
550
694
576
348
463
325
186
123
638
143
715
197
279
293
400
122
183
202
438
246
415
665
129
402
648
584
679
219
714
571
684
579
386
726
509
267
617
441
496
112
232
652
373
233
593
317
410
670
358
258
282
376
384
224
711
613
472
347
505
738
