- trainer.min_epochs=10000
- experiment=bnn_lrt
- trainer.deterministic=False
- task_name=train_lrt
- datamodule=TiO
- model.pretrain_epochs=0
- model.lr=0.0006512253027974992
- model.mc_samples_train=2
- model.prior_scale=0.42419836005568834
- model.q_scale=0.0011553734553187997
- model.obs_scale=0.1449338106809406
- datamodule.batch_size=32
- tags=[TiO]
