142
6
97
60
112
181
197
184
9
104
200
216
236
240
67
224
194
15
177
24
247
19
114
68
176
45
55
10
30
120
201
33
141
219
25
111
18
196
180
159
118
96
108
185
222
16
146
69
173
38
132
225
238
119
136
66
217
154
168
229
233
156
117
84
125
167
245
109
172
234
73
158
115
75
237
82
29
126
79
86
5
56
186
231
170
65
140
124
213
148
31
12
35
28
42
218
22
93
212
101
51
95
143
199
76
41
113
152
78
147
26
241
164
243
137
0
2
77
46
100
127
150
248
90
85
175
195
98
36
61
162
139
11
244
198
27
155
4
122
32
144
178
138
62
135
128
226
205
70
192
64
44
165
40
123
153
23
211
183
81
39
209
47
94
190
161
43
145
182
3
105
53
133
227
193
232
49
163
80
34
206
7
171
110
91
83
223
228
89
8
13
59
215
131
17
166
72
220
134
204
