1706
457
6508
5690
6844
3349
4253
2465
5706
6883
2603
79
5300
5887
5593
3538
6936
2114
251
842
3149
1979
1423
2126
2955
1400
6996
5196
5564
2445
1025
3653
4466
4764
1009
3470
5001
2440
4077
101
1867
4273
3366
3288
3755
3770
6586
2677
132
6927
5385
3418
3662
2862
5902
1078
4727
1720
1966
3624
3543
712
332
1615
496
3245
2934
1665
4032
1075
4003
6662
1430
2908
308
4017
2592
4063
2688
5148
3532
3428
2323
4525
3305
534
2316
6110
865
4010
7034
996
87
3341
6301
2847
1022
5251
4728
3896
5650
2398
1149
5426
1033
2392
1352
5962
5433
1765
2771
1606
230
763
742
4983
3971
2127
5002
5361
1046
3128
2249
5866
5518
3733
95
6032
4229
2943
3231
2263
960
4907
185
1921
1941
1539
3922
5110
5792
1650
2627
3718
177
1263
1747
263
5189
3484
3358
239
1483
19
6682
2548
3169
4638
2676
2929
2972
2589
1452
4584
5090
2110
7060
2550
4952
3513
4607
2197
1864
3012
5476
1569
3555
3182
511
6237
5185
3975
6380
5146
2618
1702
5346
6584
3764
7109
1515
3552
1544
6701
1467
1373
4913
6623
711
4247
1420
1729
1811
3647
3058
37
6652
435
2575
5428
1042
6576
5658
5628
1425
3295
1649
5841
1302
6764
6028
4076
6137
6049
1175
2662
3244
4628
5488
4596
1176
3187
2223
4436
4213
2540
2605
4510
1928
7084
1335
4240
4666
2191
6562
1880
2680
4824
1443
6086
6442
1488
50
2684
1393
245
1144
538
4233
3849
4487
7012
4722
6911
2094
3550
5839
6765
7053
1087
4480
6530
3000
1438
5914
468
233
65
4908
6523
7132
2687
1912
1876
937
217
509
2957
3707
1426
5586
6224
1446
2697
4087
6964
1945
5955
429
5747
4231
1320
5170
3836
1870
5484
3802
321
3105
756
2301
6275
5055
503
1971
6797
4532
3807
3034
4498
1550
743
381
472
5086
5692
318
3869
4421
1061
7118
6724
2513
2112
3049
91
4001
2927
4710
5559
1862
4105
5830
2829
5562
4129
5809
2432
2149
106
6710
2741
736
4877
3613
4461
4002
2273
6219
1142
7009
5787
2351
1554
2664
5531
6898
3409
4601
3693
5164
2543
4385
2375
393
4271
5416
1662
3910
5936
6290
4323
408
2107
5439
6166
6885
1226
6647
7020
5834
5857
1721
4672
4959
6805
3611
6365
2287
2436
5503
5070
1038
5636
2018
6314
1726
7159
3929
3406
319
3479
2464
6134
61
6871
6087
4148
465
2678
2439
3386
169
4519
6896
3129
5968
2617
786
3833
6620
1181
4925
5920
1128
3785
6944
7070
4022
179
2252
4118
1024
2505
3308
6129
4629
3780
31
1740
6908
1954
5363
5553
168
1372
3433
3786
1002
2002
1718
6748
1670
4126
1871
2845
3353
6723
1414
4159
5789
3001
2333
4384
6055
2876
1465
2653
4216
5786
4506
1421
4801
576
5040
1056
2406
4196
1436
6831
2815
6926
4941
4457
1559
2318
5994
1728
6351
1608
500
3954
437
2157
1893
6021
1533
4755
4047
6464
5451
80
2781
1115
1790
5105
1277
5681
2189
3071
5627
1221
6112
1672
544
789
5384
3578
3921
6957
6799
3154
752
3664
6248
4316
3658
1034
3551
5199
2882
3782
6236
5695
4597
6753
4160
5672
157
5209
5653
585
4449
6336
3399
5187
3794
6830
1375
852
1005
535
2917
3221
4099
3799
6165
4741
4369
4402
2498
5096
6167
473
1919
1295
4152
6091
2029
5355
469
5448
2952
247
5419
970
7037
676
5577
6808
2577
2981
228
4830
17
1315
7114
6218
3246
3859
3044
6978
1197
2020
625
4624
5904
764
2879
543
965
3666
4354
6907
5022
642
811
1905
96
6084
7157
4684
1370
1168
156
4591
3313
5941
5242
1782
425
683
1795
3333
4038
447
4704
2893
592
6517
2168
6998
131
2348
2970
5059
3809
5349
4953
2080
1330
3684
5783
4756
7039
6610
2843
3567
93
4698
3689
3207
2499
5860
1321
4526
3492
5095
1859
476
696
2526
4319
2173
2206
1041
1894
4246
1558
733
5149
5130
351
487
1741
1210
3109
1832
6810
561
1174
1593
6730
1057
334
3606
4172
1020
2900
6973
23
7043
1536
3589
1055
1694
7115
1616
3196
3038
4657
5337
5477
2516
4462
2805
6262
3792
1744
4250
6984
4697
6734
6581
4050
4081
6200
5218
7044
1172
4562
2045
2683
2818
1916
800
1385
1801
6141
378
3558
4823
5153
199
1786
4184
4848
4898
3803
7029
4950
6737
6223
4633
1199
5662
1562
927
3819
2531
2939
1775
4762
982
3027
7000
2609
1582
3268
6118
5400
5317
5574
957
2133
2742
6175
2859
547
932
1451
3487
5594
3614
1632
1261
6618
3355
7145
3340
828
1163
3745
4165
4535
1097
7011
5065
6985
2860
518
611
2091
3204
3767
3607
491
1242
3593
323
2868
3265
1858
1153
4054
6409
7156
1509
324
6487
586
3985
1677
4467
706
1188
3098
4903
1703
2586
4113
3337
2576
2477
3125
2650
994
6638
2208
1566
88
734
4161
5733
1383
2836
6066
486
2578
4318
1860
5048
3909
6395
3914
2509
198
2077
2996
1737
73
5805
3142
5402
2226
6109
2925
7085
2623
3621
6587
5255
2615
6111
5061
1511
3217
4813
2572
6534
4724
1219
5753
2119
4110
2164
6212
6533
3095
3039
1297
6016
6041
4251
6330
5099
2221
5108
2131
3007
208
4986
5509
3491
620
6923
4734
6740
3298
2299
478
3497
2646
1429
6007
4353
1215
5843
2997
286
550
2412
6773
3425
3703
1992
3378
4923
6022
4998
2063
4352
5154
401
6751
5288
747
6255
2181
2795
5948
41
6379
6232
2098
4518
1047
2986
5815
1760
4128
4072
737
2057
4374
6369
2570
6006
6188
4787
1084
4162
2233
4236
1074
748
4315
3328
3946
1656
4245
6386
1499
4994
5194
1820
3252
2799
4886
167
833
3499
4410
1412
3796
549
248
3289
1103
296
2698
6359
5201
5478
3176
6943
5591
3682
6904
5125
100
5890
6157
176
7153
4942
3076
3752
1618
6783
798
6993
4967
3800
3383
5117
2622
346
4738
3858
2283
2827
681
5410
6362
4604
1281
6298
4338
4930
5174
2271
7006
1595
1322
1407
7117
4163
5925
84
5494
2275
5341
5212
1477
7021
3392
6890
4625
2199
5823
4299
7162
5897
1498
1195
6011
1817
5751
3315
6291
3307
5537
5324
5498
4347
5507
3286
6516
373
7105
5167
1535
6013
1374
7025
3077
5603
6173
812
2549
3024
6779
1410
5556
7147
1897
921
322
3395
6555
5368
1807
5867
1507
231
1317
1328
1079
2707
5598
6461
4645
2825
2458
3347
5679
5480
5245
1512
3837
265
4024
4262
3612
838
14
3139
2663
3505
8
1039
4643
2906
5129
2954
339
5058
2166
2268
1090
1956
622
7091
6296
5590
1883
4974
1768
2291
5967
1406
3548
196
3996
5678
6742
6456
5271
432
2302
6418
4861
1730
1108
1669
5294
6789
1193
2405
604
3779
1487
2251
1940
1545
4570
4775
1244
1158
5762
3132
5629
4563
5756
3731
6606
6633
3880
904
6717
2266
4707
2178
3439
5940
4335
5903
1565
6466
4574
6233
4198
5382
3608
1623
254
3127
6128
221
3939
5550
6366
5767
2354
4881
6599
5548
6950
6695
3951
1755
4377
3018
376
755
291
5417
6641
188
3732
1201
6452
2574
4092
501
5799
2510
2142
3185
2706
4195
6630
672
4677
6948
5409
5587
2264
6852
1192
3685
216
4101
421
505
4746
3857
6564
506
6667
4453
7080
3671
6969
4617
3263
6721
2903
1287
4577
2083
347
5137
333
4302
1586
3043
6264
5521
6707
5008
3332
746
4503
5579
6479
5752
5018
3881
2571
2357
259
4781
3381
2846
5081
1617
599
45
4564
3768
5744
6853
6976
6247
2227
3882
4376
2705
4139
5582
1298
426
3066
805
410
7016
3761
438
6780
5159
434
4011
3438
5367
3717
6037
5314
6674
2413
1049
626
1803
1223
210
2337
6108
1915
51
1109
6062
7128
2519
1671
4996
4254
6088
1600
6589
6261
7040
2388
3592
5563
3101
5156
5328
5835
5984
705
5520
4868
57
6754
1902
527
4874
565
3583
4647
640
6954
1634
730
2399
5780
325
3720
290
4275
2229
4401
4730
6826
6622
3721
3824
6302
4606
864
2770
6067
1419
4671
2345
6176
371
2154
2802
6899
4970
5657
2855
5204
5513
6406
6239
911
6488
1934
3296
3238
6884
2177
122
479
4769
2132
2034
6689
4652
940
1480
5238
439
1379
847
1683
5365
5900
2260
1173
4691
2648
3102
1926
4708
2651
4955
279
2764
2476
2441
3901
4267
6189
4119
4981
4048
1101
3704
1501
7104
5019
6685
577
59
4258
787
2995
5079
6221
5583
2182
4342
5937
1345
1183
5957
6574
4248
3904
2183
6080
184
3250
2022
420
4999
553
1397
6404
1872
4166
5004
1643
443
5219
3393
5388
1699
4947
4412
4428
1789
181
3667
794
1543
6169
3947
5168
5810
3774
5990
5806
2276
5491
530
5549
5743
710
5379
2304
558
6033
4104
1371
5976
6745
907
3023
1433
2937
6077
6340
5261
6955
4463
6895
5748
926
2579
3306
3641
15
6478
315
2533
5091
1161
1652
2138
2306
1362
2087
1212
1561
1886
1844
5961
5956
4141
1170
3218
2692
2864
5978
5381
1323
5846
1918
5120
5708
2431
6020
387
4558
1032
4603
4085
6142
3091
6741
2963
1010
6832
931
2124
691
533
2521
3757
3866
652
33
4829
44
3523
2402
964
2155
5259
6673
5927
3408
6017
4988
5093
6308
2404
2656
26
6243
63
1044
2789
4696
2759
1454
227
4586
3193
3442
6387
6453
3123
6178
969
4685
6326
6692
5404
5072
2833
5802
5930
2666
6818
4224
6755
2298
252
5698
4634
1578
2585
4935
3424
2922
1839
4507
4894
1882
5274
4091
5700
2949
641
7003
4028
2245
297
303
5364
3450
3269
5659
5923
6942
655
3832
4857
4860
2850
240
783
1354
1018
5003
977
809
3801
6465
257
1599
893
6989
6279
5282
6240
3749
6518
1620
2288
3412
6815
6421
3519
5140
1357
4940
6162
2338
5454
2569
7135
2117
4778
6377
2484
2225
4456
2024
6048
4205
4817
4174
4217
2842
6842
2758
1092
5761
124
3473
5223
6266
2095
2561
4108
1553
3318
5608
598
75
1339
1416
5882
1783
2284
3326
4701
6382
149
5424
1557
4078
453
5457
6966
415
6758
808
1891
3478
7073
1805
1119
5963
810
4215
1129
834
4782
6447
6849
6543
1235
1225
2210
3248
4618
6194
4366
4705
1869
5020
4328
1027
3195
5028
1657
349
452
662
172
1405
6882
4602
4630
422
2453
5719
881
3554
1253
6902
6321
2312
6392
6676
2654
102
2462
4379
6795
2488
2542
1580
3722
4818
6677
3360
5284
135
2619
5045
1310
6444
5165
5325
5097
1888
2886
4541
3944
6040
3834
807
6486
462
879
3370
3783
5538
2881
2732
799
354
2812
1073
3010
5532
144
380
1340
4649
4434
121
3254
3889
1835
1360
418
7160
5649
1514
5542
5655
6959
2647
555
2457
6023
3751
1485
5106
1272
6713
1411
4865
6544
1471
5339
5606
6716
5738
4230
6845
3032
5718
5335
4747
1840
6727
981
1732
6081
2865
5888
6318
1268
414
3872
268
6482
2598
2874
654
6297
2115
2310
2877
4808
5774
773
4906
589
3016
3002
6558
5338
3150
4060
5434
6226
4900
701
3181
2389
4314
677
2840
5694
2699
2728
4168
693
1513
2984
6213
5908
6300
110
3164
3089
6918
7045
5519
1611
856
3534
4709
2415
4310
2835
2069
4471
1758
3075
3322
605
1965
4717
5617
2417
1468
5270
6024
6282
3297
3317
107
6861
29
3475
6311
2272
6146
5039
751
6381
584
1220
6440
2726
1964
3003
6161
548
5547
6043
3706
3153
6661
1978
4121
6900
7007
3935
6914
1203
344
6044
6378
1575
3477
6719
3159
2887
5546
3100
5680
90
5075
4423
4486
3995
2691
624
69
6286
889
4477
5437
4623
6119
5499
2447
947
877
3829
6688
6010
293
3362
4545
445
4220
4932
2317
2580
2031
5278
4772
3841
1922
4257
4936
3206
5119
5011
367
3542
5427
2638
6428
3518
3992
6567
5103
2407
3203
4020
3680
3256
5054
4560
3168
5656
1186
4690
7017
2902
3319
5982
5446
7008
151
915
1305
2303
6503
6821
4714
1398
183
3316
4610
6675
471
967
3960
1961
896
5425
5354
4362
1773
6177
1209
4031
3184
3852
3460
4411
5717
292
3806
3396
2644
272
2042
6367
6603
4901
2423
1086
2885
7047
5121
2215
2851
4537
4872
7010
4392
4149
5933
613
2588
3932
5812
3878
4173
1748
6459
2118
4348
5728
1344
6928
5374
2184
952
6857
1504
7125
3934
1121
3964
3377
3504
2515
2471
416
4222
564
1224
142
4958
4053
2629
2004
1194
4878
1756
497
2328
7004
7134
721
5231
3656
1496
3279
1520
4561
6807
5227
2722
5777
108
1754
5013
1351
5292
3822
2821
1973
336
5030
2921
2966
2673
724
765
3107
3927
307
1278
3151
3006
6305
5123
6491
1791
5889
2948
5033
2053
4013
71
2344
6917
1260
1666
5715
5272
3527
2486
2167
6822
1695
1095
4035
3977
3011
1630
4372
1881
4794
1612
978
3197
5082
5184
848
3025
6202
4059
2748
47
5166
1350
3661
446
1743
844
3126
4847
3886
4534
3933
1294
4635
3082
3980
6691
6994
4269
1112
776
6772
5844
2228
2153
4863
3047
2992
4357
3539
1851
1963
6138
4080
6605
485
2239
4766
6878
5492
30
1879
6094
2522
5473
4614
5112
3422
636
4539
3973
1083
861
4979
903
4288
109
6891
5267
2628
6563
6992
3655
4019
1831
2755
782
6995
3846
6481
6307
1825
1094
5017
5566
5224
4340
5677
7036
1654
6602
5487
2446
3982
4651
3660
4464
7111
178
3277
4668
2689
1204
2202
2751
3411
6372
2470
7126
1770
829
3601
2718
627
4201
925
295
1052
5200
4550
6750
944
5702
5943
12
1117
5213
3258
2523
7113
1319
4094
7001
6552
2907
6354
3290
653
6600
3649
6079
2473
6987
2926
4943
2517
5216
2418
6643
570
1448
6733
6191
6901
1745
5570
4334
287
1738
4478
6324
7152
3978
4264
2932
4742
1684
6929
1338
4812
5880
3103
3887
2258
5435
4331
3165
5838
3773
1564
5469
3795
4538
2185
5326
1231
5572
1258
2254
1951
6656
113
6083
6180
6114
507
4712
3282
4837
3045
3528
6383
6739
350
4713
5277
3903
1114
6228
298
3443
5689
6787
5459
5850
2899
4897
229
4641
2977
4963
6143
5094
2103
5639
3813
4454
6192
1614
607
3133
1093
5804
7038
6801
203
2387
6812
5921
837
4291
7107
1230
5436
1609
4489
4207
5111
2669
5500
3309
2582
5464
2534
2715
657
790
2481
4339
5911
1359
5252
2347
6412
5995
6792
5438
6259
6580
5776
5697
3303
3346
6120
1780
3892
803
857
4041
4608
3467
5050
219
1288
582
43
1234
7058
6932
1892
5836
6272
5025
5926
1071
718
2364
1505
670
5552
5735
6865
897
5771
2941
1530
6893
5724
3210
3509
3017
3950
7046
1874
2370
1769
5832
5782
1983
531
5128
6145
5489
3131
2163
731
2339
6651
2232
6946
3035
4513
1255
2104
3625
6679
898
428
4945
6778
7144
6483
1222
5620
3688
6990
5407
1621
6399
5797
1096
2072
6470
4442
2614
6047
1788
5190
3163
528
3257
192
2807
1126
5445
4228
2794
304
2858
1292
70
5884
6215
2716
831
4918
1456
4365
238
92
4305
3615
3143
3781
2746
3464
6790
1001
6368
6867
2377
5359
7110
3240
1532
2410
4332
411
2892
6874
6860
5263
6714
4810
5899
6535
5458
5466
633
498
2463
3937
637
720
288
757
2641
5736
5210
4382
3575
596
5302
1068
1942
1647
5060
1700
5749
4235
4522
5286
2123
6800
86
2308
4825
5922
2594
5613
1029
6553
5412
2144
4482
1200
2025
621
6514
566
3540
1837
1334
6840
6814
2099
5828
7127
4039
1688
745
6971
3053
2187
195
1152
2753
4715
802
4381
2350
3407
6485
6057
2068
5533
644
6333
5366
2778
6490
120
1777
3563
5760
2135
4441
4359
134
6327
4086
3208
2559
62
4669
6274
3616
3483
3915
679
3891
741
1211
2170
6875
4890
567
1873
4582
2596
1717
1392
5378
6423
3753
489
493
690
3494
602
1911
4921
6193
5307
6153
3014
4899
2366
1187
274
6796
6697
1361
4650
1526
3437
3135
7061
3599
3320
6735
1337
945
5638
2250
3942
4834
5755
2346
68
5243
5576
1598
3434
7161
4640
1503
2991
150
2944
2086
6529
2259
6823
6980
5523
2942
859
2804
4279
4290
4012
366
1432
5012
1779
4842
7051
1818
4567
841
2704
1189
175
3825
617
2093
5674
82
5247
1030
3871
300
1472
283
2028
3620
4378
6916
1813
1271
2820
4527
3787
2313
2008
4307
2642
3388
6527
3941
5632
3312
99
6348
744
6626
480
5118
6956
7140
1157
1437
2414
4176
402
2195
949
3078
2067
6774
5007
668
218
1962
3121
3651
2213
2633
1659
6856
5528
4739
2145
777
2434
6862
4056
5221
1491
6211
6519
2890
6312
6416
517
6106
5360
4490
5178
6974
6522
3855
568
360
3413
4655
4194
4320
759
3728
6732
5818
4667
214
4864
3979
4329
4333
5113
3262
1473
2244
725
4761
49
5614
887
6269
4938
6469
516
5413
139
3114
3226
3870
4025
463
4407
1233
594
450
3912
6625
5157
312
3194
5483
4819
451
5790
890
2763
658
1506
3213
6702
999
389
2330
1476
2240
7063
6449
5979
6045
2775
1923
758
4071
6271
1293
6317
2873
5996
6008
1907
6686
6501
368
1937
1151
6872
6970
3574
7048
191
4552
5703
174
1903
1099
4743
4706
2292
6246
6967
4093
5162
1164
5195
6174
4151
5333
5064
1661
508
166
3357
4922
6887
5347
103
5235
4336
3260
6509
4934
1752
6398
3936
4991
2916
4716
1658
152
3758
2483
1583
6029
2552
3545
3148
6098
7099
3050
6257
2209
3838
4309
2985
1822
5527
4674
4296
6270
309
212
4100
6728
4098
495
205
1434
1135
2584
868
2749
305
1849
3235
1988
2798
4398
1534
843
1987
4919
6289
3686
383
1538
211
1957
4997
2438
2727
3379
3931
1349
5873
3541
5482
680
180
6819
6471
6617
5244
278
3080
5652
2480
289
4828
5380
993
2236
6934
39
6560
2754
5746
3166
270
3113
2883
5858
5391
6986
6220
111
1391
2600
220
4303
3172
4355
83
873
6637
5014
461
6299
551
5321
2374
6025
2246
6743
4015
2450
2329
6012
2146
4274
3784
6322
650
708
6127
6389
4639
3404
3063
4803
1424
1216
5470
1924
3968
3898
314
6267
1427
3844
6505
4102
5798
3008
6182
1105
5269
4395
7164
4343
684
5246
4663
2765
5896
3949
2451
4373
326
2652
5993
2176
6506
4221
6201
5193
2787
5460
3405
1676
348
5228
5397
5430
1626
4529
3274
5138
871
4190
3815
3402
2218
5624
2121
3879
3482
5623
85
4084
1877
2801
5660
2640
6135
2880
3956
494
2019
2525
4287
5859
4004
1270
4915
3966
2895
3821
5924
618
6133
3817
3805
3710
3352
4420
1413
2201
2001
5344
869
2358
2006
3090
3626
4962
356
1162
5444
3064
5078
3161
4404
4509
4051
7065
1890
579
2319
4966
1691
862
6149
4405
2380
2378
5049
5551
3742
1116
1541
3989
5515
6590
3790
6341
6093
4776
5160
6451
2500
7054
4733
6350
6358
7050
3481
5396
4578
6828
3535
6056
6598
5849
6870
2052
1776
4619
4383
2536
5143
3875
1592
1723
5612
3431
2611
4871
490
6027
2910
1006
4306
2503
4515
2314
2554
1417
3096
25
2409
3270
1113
4252
1552
6125
5362
4840
3214
433
979
2655
4074
4856
4192
1127
4391
5316
5633
2518
6886
1102
3276
3529
5852
6107
6140
6151
194
615
643
5151
3285
3116
5970
2776
6573
6058
6095
330
2207
4693
5634
2670
3299
972
483
2420
2602
719
3948
2059
2803
2566
5670
32
664
5643
6250
6500
1444
3480
2792
3458
6981
1705
3469
5663
4317
4157
4767
3227
118
2277
2905
6850
1401
739
2456
170
540
883
4368
5371
5067
3571
3945
674
3209
397
2915
3410
1815
3698
3715
2100
4295
7100
6039
2101
6074
5461
1548
4292
3765
3323
355
3955
3918
5784
2535
6345
3220
5107
2373
1051
3074
2321
4575
3334
4620
1751
3580
1772
1196
1878
2668
7150
2016
2005
5816
1482
3237
328
648
2945
3544
1123
4034
2788
4189
3573
4112
5610
6690
1259
5829
5972
3916
1519
6513
1378
5230
1023
2587
2918
4990
5840
3454
912
2857
6658
1675
1746
3026
532
1736
1629
4726
430
1808
4556
3463
4472
7120
234
4504
2222
4370
4103
6072
6052
6394
1948
5481
6361
4914
6559
1995
2671
5965
2224
1106
5909
818
3617
4180
4888
5206
1697
3692
136
1642
5517
4789
6353
1180
6693
888
2987
3856
2437
4664
5009
817
1111
3414
4479
2341
3167
5283
4870
5241
3065
1264
990
1464
1739
5152
6160
353
5465
3885
3570
5865
1489
4816
5960
3130
1228
4266
3605
3908
6782
6384
6703
52
4325
6253
5021
3085
159
4416
1587
1589
1479
6492
3145
1469
5686
3094
4771
3668
2078
7015
4502
4387
7059
6912
3771
2828
436
4140
6935
2960
4774
1588
6252
2780
5273
1590
4371
973
1238
2951
6415
2342
3590
5398
4600
6122
2231
5635
1497
449
2369
3907
3429
6078
4447
2422
7035
5561
4210
1551
6355
1146
4692
2092
1313
2015
187
3961
3426
5455
1381
4367
413
6195
3455
941
801
3336
6712
2750
3639
5077
256
4144
7027
3199
2235
647
1767
4912
7078
5114
6054
3816
24
5669
1088
5176
2694
3820
3398
3559
112
2841
2311
3441
5874
6806
4836
56
1309
695
6288
5214
1227
1999
276
3862
4154
1833
5683
6364
682
4304
6749
5826
4125
1137
2767
4796
4511
4687
942
1036
3842
6375
1346
3646
6410
5432
2784
6802
2384
2988
115
4995
3400
7129
3119
4375
5250
6171
2819
3734
3994
6076
5894
81
3021
1972
1714
3536
4595
5568
4055
4622
1946
4414
7139
5027
3488
1610
4975
1251
694
3070
6654
6997
2867
5525
6281
3375
665
2194
4686
4043
6099
6983
1017
557
6258
6352
1207
4127
4322
4568
1510
3861
4661
3211
3630
4883
4885
266
3905
1140
3162
2111
5080
4475
1909
4284
6116
656
5998
5062
4588
998
5763
2834
2809
6092
1784
1237
5969
5472
4458
4763
5817
7071
2186
2913
1134
908
6168
3708
1303
6683
1627
4609
1522
835
358
138
299
1556
1003
382
5833
4058
4949
761
3827
5705
5198
4516
4294
4169
5796
4927
1402
820
6154
2721
1932
6711
3560
6441
6476
4147
5710
3055
6124
4096
4765
2685
3997
58
76
796
2416
2248
5938
785
1731
6972
3158
3106
123
2217
4046
6216
5169
3984
4438
6947
910
2172
1850
2309
6705
3634
1257
2495
5403
4590
3501
1178
4700
5394
5861
3650
442
5493
1399
2973
2884
1457
4951
6824
3459
1054
3877
4239
3275
5495
3699
3759
929
1415
2372
6356
1829
6073
6608
5100
5026
6568
1502
5773
1450
4750
2011
6152
3515
4866
5853
6060
7076
2606
3264
5781
5414
4512
4753
6
2980
3739
2487
3361
678
1943
4680
6592
6061
5502
5132
2607
6913
4581
6588
3134
1064
2894
4546
4689
2242
1474
5309
1889
3435
4896
1053
3705
2021
5642
6512
5514
2658
2467
6827
1130
1461
7163
6594
3365
7116
5842
3350
2968
222
6636
48
573
1236
5453
3033
6940
7049
3382
6435
2282
4852
267
1104
2305
5641
6096
1935
386
1701
1628
3585
5584
2714
4204
6611
6268
1563
3622
6105
2760
3189
4594
209
909
1289
5411
1866
1842
2497
5992
104
4523
958
1793
2088
2702
3826
5893
331
5985
4427
5192
4209
2459
1774
4030
5036
4446
4862
2686
6046
5819
4977
4902
2897
4075
1710
5516
5474
2478
5101
5601
1366
173
858
6851
5275
3524
3321
6225
6249
4483
3372
1952
3311
2492
4280
4439
2036
5621
6665
5253
3403
18
3691
5406
0
3628
5676
2174
1356
5327
6583
4326
2826
4313
396
5386
3112
182
4006
5599
5671
1812
4615
5856
7030
816
1572
4965
1800
2280
2429
3893
5673
4791
5418
4393
6185
6477
4758
1830
601
5939
5015
5471
554
1159
1213
880
1325
4394
997
700
2700
5133
1847
5260
2796
1455
6495
5006
4122
866
5824
1644
2140
4845
3520
4500
7026
1490
7028
6746
729
4751
779
2620
1936
3793
6680
6179
5102
1110
5822
2998
2394
1185
2007
193
6854
578
771
2395
7095
1846
3740
4587
6053
2073
1896
5265
3659
2379
1447
342
6315
2527
727
976
5038
3516
5981
6876
3940
1299
6578
660
1492
4814
5234
2315
6650
6595
1085
6757
3198
4838
4851
67
5696
2269
5044
4301
5648
3447
2367
4241
4773
2512
2723
6103
5291
1143
4237
6144
4424
3789
2220
2331
4350
6722
4088
1967
5607
423
6497
1904
6496
3917
3618
839
4386
141
5918
1377
3674
5571
7022
3808
1138
2257
1787
3938
6130
459
6547
948
3700
1336
5707
1602
2238
639
6915
3830
4939
6403
1070
155
2295
4553
1089
2940
6059
930
2909
5974
6570
3247
6504
5310
6342
6186
6672
1698
6738
7124
5318
3831
6525
6515
985
1821
587
6833
4961
6520
7119
4536
5688
3557
1395
264
3547
6653
6537
5046
3864
5945
2400
5171
3711
246
1594
6963
4832
923
4417
669
3604
1910
4984
3958
2696
2591
1781
3013
2307
4270
3690
687
612
3200
2267
6868
5441
1898
4520
258
2924
2822
3339
3525
2285
484
2211
5758
2555
7
3657
6071
2426
1814
2274
1011
4839
1067
1991
3970
6803
3867
6903
3048
781
6953
1749
2791
1091
4937
6101
5813
2608
5875
2290
1727
610
343
5589
3750
3215
97
7002
1537
3588
3648
5704
4418
1517
6569
4272
3669
2090
572
6510
6000
3062
4528
5180
4631
6306
370
1938
5057
6183
3670
3652
2361
4260
4450
6455
3737
4397
4928
4960
1171
4653
1422
6426
6304
4695
874
2297
2643
6206
840
581
204
1641
2014
3253
4409
905
631
5071
4745
1974
162
4880
6434
5964
875
1431
6034
5646
6280
2856
1861
2659
3384
6575
6462
3331
5862
6450
4985
2096
2003
546
1449
4954
2610
1900
5647
2757
1885
6924
2097
6230
6433
836
3471
5701
2171
6156
6100
398
2010
6881
1283
5037
5229
4256
1836
1019
1326
7154
475
2810
5946
1651
6646
6123
2528
1206
6593
5508
4505
867
2974
541
1132
6941
3390
5144
2962
4155
3259
6763
7074
2583
2813
5557
6207
4920
3586
4678
6097
2630
5740
4554
1080
4283
2085
2452
2023
5501
226
1013
1929
5041
1404
2179
697
1124
3895
1778
4559
2634
3489
1037
2256
4786
7082
313
2649
2281
5329
2547
2159
3137
5954
3967
1428
5074
2520
4593
6036
448
4508
1284
3727
361
5775
5712
2460
22
2066
1653
702
6839
2743
1376
5825
2468
3754
2325
460
4183
4082
1486
3678
282
4308
3537
5023
2581
1368
6458
4800
597
4351
5821
7112
6747
4660
3468
5741
2990
6371
2544
5351
5239
4066
3988
6920
685
4557
3243
5543
4083
2837
3697
4040
2230
6660
2320
521
522
5595
5769
5766
6113
780
5605
4844
651
6460
2196
369
5422
4214
377
6337
2216
6965
1613
6770
3632
962
6446
6718
5456
359
3839
4982
1246
4987
3694
6879
2567
3423
2037
772
6582
3562
6777
7077
4731
4531
1674
365
4694
4626
4327
147
6858
3088
5654
407
6612
3456
4182
3576
3271
1031
6825
855
3926
78
2247
5296
6539
6930
4917
788
2279
4095
3897
4656
5950
3631
5357
424
392
5340
6760
4200
2672
6550
5722
3493
1459
5163
4740
3835
5544
6817
6069
2355
2442
6571
5573
464
163
6199
6414
6864
7103
2009
3084
900
5609
2293
4481
4605
3716
5944
1764
1549
3029
5405
2044
767
1508
6960
4517
4219
5953
4679
3292
819
1403
1382
2148
1638
6888
399
882
3565
6400
1179
4244
4879
2130
456
1950
689
5664
1953
2710
6621
4349
6217
1884
5389
6329
2494
3036
3603
845
542
3724
4187
3679
5723
5863
4993
2964
2529
1048
1960
2530
5266
237
1133
5928
4259
5285
5377
5522
2978
7075
5505
4827
3919
3138
6391
4073
6155
3229
1826
593
2725
4137
560
6437
5872
243
4437
4956
405
1442
261
4793
6532
1689
1725
2496
5916
340
4989
1601
4576
3725
7094
2785
1523
5330
6357
6634
1766
7067
4037
5665
5807
6696
363
7086
6443
4725
4443
6328
6613
2562
7158
6565
6648
3083
6597
2102
632
2493
2665
5186
4406
5257
5076
2334
5668
3619
3883
4855
4211
1494
2401
3874
1232
2661
2817
6542
6663
4153
5331
3061
6126
7087
1735
2823
5462
4905
2475
2564
6035
5540
707
3046
6117
5555
72
4448
6699
1190
2601
1125
1241
6417
5913
5369
3351
4008
1577
3906
3729
4358
1343
7146
440
1100
2637
5332
649
1546
5447
7090
2852
3503
5155
630
4768
1249
6771
482
1584
4676
1462
3040
5510
3273
3683
4145
6642
3225
1072
4815
2631
1660
2425
6339
6726
3097
3976
6411
6798
5087
5682
1408
1845
1798
3957
1475
35
444
2359
3654
3179
1286
5304
4445
3416
2137
2636
4016
6919
1681
5602
1692
5281
5709
3635
372
6958
4882
6784
140
4884
4419
6669
5891
714
3188
6325
4431
5010
406
20
1004
2411
2545
2390
6866
42
2830
3371
3022
3364
4399
11
4760
1177
1947
2501
2863
3865
1026
3848
2989
961
2889
3015
3338
7013
735
4400
1440
2875
3986
916
6813
6816
4089
6615
6768
2772
1624
5684
821
1367
3712
6436
850
1000
6338
4114
1637
1667
4589
3173
5452
1347
5597
3230
5035
5506
4783
3232
6752
703
5714
3291
3673
2408
1327
6664
5876
4909
4440
5987
986
5693
6498
6163
5934
4049
3485
2474
3873
1198
4181
1518
5942
1799
1014
128
1364
6859
4470
891
2793
6018
4403
6820
6147
3249
1208
3868
6430
4065
6131
1239
2289
2740
275
4585
1035
1229
1008
3828
2532
4293
1058
5312
281
1043
1316
968
2381
5720
1939
5141
1274
619
5202
1742
1390
5837
1579
1655
3568
2352
2212
7122
3178
3192
1307
575
2360
1280
5831
4957
5931
1993
2639
269
629
5303
3081
3466
6256
4396
4023
6786
2046
4356
5631
2113
27
2040
3928
6474
3216
6670
3814
129
5306
7031
4599
13
6148
4476
1525
2365
4648
3052
4005
2340
374
5220
6159
939
6855
4573
2147
3591
6139
6502
6026
3623
529
3714
4732
1269
4281
1394
4850
4009
4390
1797
2979
1441
5356
6977
3811
1273
4703
1712
955
6422
5729
6334
6577
403
2071
6804
1977
158
3888
902
352
4540
4130
754
2971
7130
2920
311
4644
661
1989
3665
306
2335
4790
2356
3702
3804
1927
6283
3427
749
3638
6687
1266
5440
6332
3595
2134
5066
4109
4969
4904
514
6405
409
6082
7136
7083
6209
207
458
2054
2430
250
6121
1107
5814
1713
3911
715
552
1439
2270
3144
6837
1925
634
316
6725
427
5313
105
3041
4238
2169
1709
89
2241
3174
5345
1949
4044
2848
1
4337
935
6136
2720
5205
591
5375
2936
2448
1576
5770
5983
213
778
3496
5626
2043
6494
1567
165
4702
3566
5485
6809
2013
273
3860
4167
5721
3788
5183
394
583
7142
6639
7033
6848
520
1763
1875
3965
3344
2253
3224
526
2946
4473
3899
692
6769
4444
3633
1050
590
519
3380
3676
6645
5179
1607
3610
6834
1809
791
792
6775
1855
1980
3233
3598
933
3963
5322
6649
4179
4026
6343
4116
988
5886
3453
6541
3778
6014
3093
3155
5069
3201
5785
1098
5952
2844
886
7068
5558
515
6609
4833
1453
3553
3609
4665
2506
2994
3999
6788
906
28
6150
2507
2428
5043
762
3747
4811
284
686
6619
2353
5768
6158
21
2752
885
917
1040
5687
1265
4579
6203
6659
277
5084
2084
1245
2382
571
1435
3902
5089
1247
5372
4681
3526
2514
1007
4770
4543
5395
6208
2064
5352
5661
1690
6187
5343
1985
294
1547
2012
588
3329
2403
2129
3998
6273
3741
3508
2719
4521
5150
6524
6531
556
4795
2469
3738
4286
5901
5289
1716
2604
5912
1704
2139
3239
2383
4311
1285
6104
6572
3930
5420
1591
6346
2162
2396
317
6429
3111
5233
6937
6952
4036
795
3020
1711
3387
36
4549
913
5295
3972
5370
4133
974
983
6729
1418
1560
4135
5716
4265
1355
6704
6791
987
2682
5047
1640
1290
3681
1380
1933
4675
6030
3160
2030
892
4876
4069
4255
2
2109
849
2737
2466
1914
1596
1913
5139
6744
2736
726
53
1796
3845
2553
2800
936
5910
824
4321
3401
1389
3564
884
5429
4867
1868
5181
10
3415
5421
1463
806
5845
6115
4068
2108
6050
7102
2234
963
4494
2632
704
431
4388
145
2033
6794
1165
3500
2050
3760
2624
4484
4435
5711
6064
4361
2424
1262
1771
3511
271
4792
7133
244
6945
4572
2032
6601
5666
813
3810
7108
5820
1804
6089
4346
2461
545
3241
738
310
3521
1131
5545
7052
4111
2769
920
6004
3587
3959
38
4459
4278
2983
5290
7148
5217
2667
3223
1182
6499
614
7032
1466
4497
3042
934
2419
5085
6463
5808
4822
826
1521
2930
4232
628
4430
3853
390
4345
6979
3990
400
4806
5135
6906
3359
46
6869
7057
3642
3726
6556
5208
5319
7143
2421
5604
1750
6922
5871
4062
338
215
3663
1341
6549
6931
3894
3640
329
5640
3004
6838
3115
6925
2322
4197
3549
1458
171
4203
6001
3569
4226
5158
5848
5905
938
60
1240
5136
6521
2120
1524
153
481
4460
3920
1762
750
1785
5958
4501
4853
2711
5793
4193
1333
6376
2854
186
1136
2058
6009
6003
148
4124
4889
5803
3363
4788
2866
3776
1386
6766
5929
3629
6445
4797
3028
2969
6229
1708
2953
454
609
4263
4826
6075
2074
4052
5827
1622
4683
5497
6276
40
5475
2089
3924
2175
74
5737
7066
2657
3180
2076
441
2051
2541
1301
3430
1304
236
5973
2599
4616
2573
3280
3186
3953
2768
4831
4223
2106
2679
2761
4688
5399
1387
6720
6480
6063
