- trainer.min_epochs=10000
- experiment=bnn_lrt
- trainer.deterministic=False
- task_name=train_lrt
- datamodule=PdO
- model.pretrain_epochs=5
- model.lr=0.0006305069628294042
- model.mc_samples_train=1
- model.prior_scale=0.021096409553778835
- model.q_scale=0.00015752593486944045
- model.obs_scale=1.94993290167836
- datamodule.batch_size=32
- tags=[H2O]
