- experiment=bnn_rad
- trainer.deterministic=False
- trainer.min_epochs=10000
- task_name=train_rad
- datamodule=TiO
- model.pretrain_epochs=0
- model.lr=0.0005964703061220273
- model.mc_samples_train=1
- model.prior_scale=0.24847314880231502
- model.q_scale=0.0010668894650671856
- model.obs_scale=0.1420654727071492
- datamodule.batch_size=32
- tags=[TiO]
